1511299816
1511300933
1511391750
1511393700
1511395746
1511410537
1511416763
1511417446
1511422153
1511425928
1511437604
1511552937
1511630960
1511650143
1511658038
1511886132
1511996808
1512015332
1512173926
1512173935
1512289876
1512335477
1512366534
1512470947
1512495814
1512750994
1512769616
1512903328
1512972536
1513012799
1513126133
1513168335
1513243360
1513254215
1513286961
1513331030
1513331033
1513342141
1513342148
1513512538
1513763215
1514252634
1514252642
1514628482
1514657236
1514657259
1514773608
1515088783
1515259493
1515370160
List.txt
GluonSpectrum.txt
HadronSpectrum.txt
v2DeltaCYM.txt
v2DeltaGluon.txt
v2DeltaHadron.txt
v3DeltaCYM.txt
v3DeltaGluon.txt
v3DeltaHadron.txt
v4DeltaCYM.txt
v4DeltaGluon.txt
v4DeltaHadron.txt
